127  504   
127  145   
127  131   
127  494   
127  189   
127  505   
127  503   
127  146   
127  493   
71  82   
959  1013   
959  994   
358  359   
560  566   
560  631   
767  1010   
580  1010   
580  1009   
805  815   
805  816   
512  1010   
194  503   
517  580   
517  522   
517  578   
517  1010   
517  523   
517  521   
454  507   
634  1010   
634  636   
634  637   
634  1009   
31  503   
578  1010   
578  1009   
695  1010   
695  1009   
29  504   
29  503   
675  744   
675  738   
226  504   
58  504   
58  60   
153  504   
15  504   
76  504   
571  590   
129  504   
129  503   
129  131   
917  1013   
548  553   
548  555   
548  549   
495  504   
966  1013   
966  994   
966  976   
992  1010   
662  1010   
662  669   
662  1008   
662  1009   
706  1008   
706  1009   
218  504   
14  504   
14  35   
14  73   
14  503   
145  504   
145  487   
145  159   
145  488   
145  158   
49  504   
124  127   
124  504   
124  126   
124  503   
124  128   
993  1010   
993  1008   
627  628   
486  503   
486  504   
486  502   
509  514   
509  1010   
1015  1015   
976  1013   
367  390   
8  504   
98  102   
98  103   
1000  1013   
1000  1014   
778  826   
523  534   
523  1010   
523  545   
523  1009   
193  504   
193  503   
460  490   
460  507   
723  1008   
723  1010   
723  757   
180  504   
180  503   
180  506   
637  1010   
637  657   
637  641   
637  1009   
410  507   
999  1013   
999  1014   
690  1010   
690  1009   
488  494   
488  504   
61  70   
1012  1013   
1012  1015   
430  433   
430  454   
430  452   
430  436   
901  959   
901  1013   
901  938   
113  117   
189  503   
452  507   
480  498   
341  358   
341  359   
107  127   
107  110   
107  503   
107  111   
87  90   
87  89   
77  504   
417  508   
417  498   
12  16   
12  504   
12  35   
12  36   
312  359   
507  508   
507  1015   
507  507   
573  1010   
573  1009   
1002  1010   
237  504   
370  396   
370  390   
567  578   
567  573   
506  1015   
506  507   
116  119   
144  504   
144  159   
144  505   
144  503   
144  205   
144  493   
100  102   
965  1013   
661  1011   
661  769   
661  1010   
661  992   
661  669   
661  996   
661  1008   
661  1009   
120  172   
254  504   
254  284   
254  502   
254  256   
254  255   
254  507   
254  503   
496  504   
607  609   
607  613   
607  612   
607  615   
607  616   
607  614   
607  703   
607  608   
205  210   
644  685   
644  684   
927  947   
235  504   
235  249   
235  254   
301  455   
301  507   
301  490   
694  1009   
213  504   
94  504   
94  129   
94  98   
94  103   
94  503   
816  965   
51  504   
51  494   
51  505   
51  503   
568  578   
568  573   
652  655   
791  852   
791  841   
791  838   
493  504   
796  852   
796  806   
796  837   
796  866   
27  77   
27  76   
582  1010   
919  1014   
534  580   
534  582   
534  1010   
534  1009   
534  583   
744  746   
744  755   
888  892   
633  1010   
633  637   
633  641   
633  1009   
633  661   
633  997   
1011  1013   
1011  1014   
1011  1012   
151  504   
151  493   
557  676   
468  507   
700  1009   
78  504   
78  81   
990  1008   
413  507   
672  676   
769  1008   
769  991   
769  1010   
275  316   
275  315   
275  326   
751  758   
751  770   
606  612   
606  616   
60  504   
60  73   
60  63   
60  66   
60  70   
691  1009   
691  695   
691  1010   
691  694   
666  676   
666  1010   
666  1009   
666  669   
666  997   
911  1013   
427  436   
677  684   
708  1008   
82  90   
82  504   
82  93   
82  87   
82  94   
650  1010   
650  685   
650  661   
590  601   
590  1010   
590  594   
590  602   
590  591   
590  603   
112  127   
112  504   
545  546   
545  580   
545  578   
545  1010   
545  573   
191  503   
187  503   
79  81   
1006  1010   
1006  1014   
126  504   
996  1010   
369  397   
369  396   
369  390   
651  767   
651  1011   
651  1010   
651  771   
651  662   
651  686   
651  685   
651  1008   
651  731   
651  1009   
651  654   
651  661   
651  687   
651  703   
176  258   
629  634   
629  1010   
629  632   
629  631   
629  1009   
498  499   
498  507   
498  508   
947  950   
256  275   
256  327   
256  326   
256  270   
256  269   
33  503   
920  1014   
660  1010   
7  504   
99  102   
99  110   
99  104   
99  103   
99  111   
566  1004   
566  1010   
566  629   
566  602   
566  573   
566  567   
566  1009   
566  603   
72  81   
500  508   
500  504   
255  504   
255  327   
255  486   
533  580   
533  584   
533  1010   
533  583   
359  396   
359  385   
359  369   
359  390   
182  504   
182  503   
182  1009   
108  114   
108  110   
108  111   
1001  1010   
1001  1014   
1014  1014   
815  816   
632  1011   
632  697   
632  695   
632  1010   
632  1003   
632  637   
632  1009   
991  1010   
991  1008   
360  390   
692  1010   
692  1009   
610  616   
514  1010   
513  1010   
513  1012   
513  1009   
50  504   
50  503   
50  94   
510  1010   
274  316   
549  553   
645  684   
709  770   
128  504   
128  131   
128  494   
128  503   
1005  1010   
28  504   
28  78   
28  73   
28  77   
28  503   
589  601   
589  592   
589  590   
589  594   
192  504   
192  505   
192  503   
250  504   
250  503   
250  253   
303  397   
303  507   
303  490   
614  697   
614  1010   
614  632   
614  1009   
699  1009   
699  703   
699  1010   
501  508   
501  504   
687  767   
490  502   
490  508   
490  507   
490  504   
155  504   
155  502   
155  159   
155  505   
155  503   
155  250   
53  57   
53  504   
53  58   
53  60   
53  63   
53  503   
53  94   
583  1010   
583  585   
757  1010   
757  991   
809  816   
9  504   
425  440   
425  452   
425  444   
591  601   
591  594   
591  602   
591  607   
591  597   
591  603   
745  755   
539  1009   
781  825   
603  695   
603  1010   
603  632   
603  1009   
603  607   
90  95   
90  93   
90  98   
90  99   
90  103   
90  503   
90  94   
276  311   
276  312   
276  315   
565  566   
850  866   
850  859   
1004  1009   
1004  1010   
937  958   
16  504   
16  35   
16  81   
16  73   
16  41   
16  503   
16  28   
1013  1013   
1013  1014   
1013  1015   
57  504   
57  129   
57  503   
872  895   
316  326   
163  165   
163  172   
163  177   
994  1013   
994  1008   
994  1014   
89  95   
89  93   
584  585   
849  858   
35  504   
35  73   
35  63   
35  66   
35  70   
11  504   
11  503   
492  504   
511  1010   
511  1009   
665  1010   
199  503   
689  1010   
689  1009   
73  504   
73  81   
73  503   
648  1008   
648  1010   
198  504   
198  502   
198  503   
198  250   
489  504   
585  586   
585  587   
585  1010   
585  589   
585  590   
913  1013   
957  1013   
202  507   
249  255   
184  503   
184  1009   
776  826   
894  895   
131  504   
131  159   
131  503   
181  503   
181  504   
502  503   
502  506   
502  1009   
502  1008   
502  504   
502  502   
502  505   
502  508   
502  1015   
502  507   
314  507   
801  805   
801  806   
801  816   
971  1013   
154  161   
154  504   
355  364   
355  356   
355  357   
159  504   
159  178   
159  502   
159  176   
159  162   
159  179   
159  255   
159  505   
159  258   
159  503   
159  192   
553  1004   
553  1010   
704  767   
704  1008   
704  1009   
1003  1010   
619  625   
619  627   
619  626   
37  38   
270  315   
270  326   
195  503   
698  1009   
538  1010   
538  1009   
831  832   
552  1010   
552  1009   
521  546   
521  522   
521  578   
521  1010   
521  545   
521  523   
521  541   
521  576   
598  604   
598  612   
598  606   
162  504   
162  178   
162  179   
162  177   
780  827   
780  825   
780  826   
433  507   
647  684   
647  650   
647  651   
647  686   
647  685   
647  683   
786  816   
786  832   
440  445   
440  507   
740  744   
1008  1013   
1008  1012   
1008  1008   
1008  1015   
1008  1009   
1008  1010   
1008  1011   
1008  1014   
299  308   
103  503   
103  111   
922  1014   
602  1010   
602  1009   
871  895   
423  440   
827  833   
827  836   
827  832   
91  102   
91  95   
701  1009   
467  507   
867  895   
731  1010   
731  1008   
731  1009   
731  757   
41  73   
41  70   
668  1010   
52  504   
52  131   
750  770   
688  1009   
688  1012   
688  1010   
302  507   
657  1011   
657  1010   
657  662   
657  996   
657  1008   
657  1009   
657  661   
657  997   
866  867   
866  875   
866  876   
866  895   
693  1009   
693  1010   
503  1008   
503  1012   
503  504   
503  505   
503  508   
503  688   
503  507   
503  503   
503  506   
503  1009   
503  694   
503  1015   
770  785   
770  1010   
770  786   
770  827   
770  991   
770  965   
770  826   
770  832   
68  73   
68  70   
188  503   
315  326   
641  1010   
641  662   
641  668   
641  1009   
576  580   
576  578   
738  1010   
738  997   
870  892   
870  901   
83  87   
83  93   
305  359   
623  633   
623  1010   
623  632   
623  1009   
755  1009   
755  992   
158  504   
269  327   
269  326   
46  504   
46  49   
46  51   
562  1010   
562  566   
562  573   
562  567   
562  1009   
997  1010   
36  73   
183  504   
183  503   
497  508   
497  504   
518  521   
608  609   
608  1010   
608  624   
608  625   
608  623   
608  626   
711  713   
711  1013   
711  1008   
711  712   
132  504   
132  138   
132  144   
411  507   
836  1013   
546  551   
546  578   
546  1010   
546  552   
546  566   
546  550   
546  573   
546  549   
546  562   
785  827   
785  832   
522  1010   
522  545   
522  576   
44  46   
587  590   
609  622   
609  615   
609  616   
609  614   
609  623   
1007  1010   
1007  1014   
190  503   
190  504   
95  98   
923  1013   
923  1014   
923  1000   
313  507   
779  826   
504  505   
504  506   
504  508   
504  507   
504  504   
697  1010   
697  1009   
697  703   
1010  1013   
1010  1011   
1010  1010   
1010  1014   
1010  1012   
707  1009   
106  110   
65  82   
203  507   
908  1013   
81  84   
81  504   
81  87   
792  849   
284  301   
204  313   
204  507   
165  172   
165  178   
771  826   
2  504   
808  1013   
808  994   
808  901   
808  965   
186  503   
147  151   
147  504   
147  503   
147  159   
228  504   
268  329   
268  327   
268  326   
345  355   
345  357   
596  601   
596  604   
223  504   
404  498   
516  1010   
282  344   
282  283   
669  1011   
669  1010   
669  731   
669  1009   
121  127   
121  504   
121  126   
121  503   
344  349   
344  357   
487  494   
487  504   
494  504   
873  895   
253  504   
561  1010   
561  566   
561  1009   
117  119   
117  120   
852  867   
852  866   
852  895   
63  504   
63  73   
63  503   
63  70   
455  490   
455  467   
455  473   
455  507   
179  231   
179  258   
179  229   
179  250   
696  1009   
713  836   
713  1013   
676  738   
938  959   
505  505   
505  506   
505  507   
505  508   
837  1013   
837  867   
592  601   
592  602   
592  596   
592  594   
304  385   
304  359   
304  507   
304  308   
712  836   
712  1013   
712  1008   
712  827   
499  507   
499  508   
499  504   
66  504   
66  82   
66  503   
70  504   
70  503   
166  172   
1009  1013   
1009  1011   
1009  1010   
1009  1009   
1009  1012   
141  504   
141  147   
141  145   
141  503   
141  144   
141  146   
909  1013   
654  1011   
654  1010   
654  992   
654  1008   
654  731   
654  1009   
654  661   
654  757   
403  507   
283  311   
618  626   
848  857   
848  860   
848  858   
655  1010   
421  440   
271  326   
703  1008   
703  1011   
703  1010   
703  1009   
491  507   
13  35   
13  73   
13  41   
13  40   
13  36   
473  507   
185  503   
3  504   
597  609   
597  601   
597  604   
597  602   
597  607   
597  603   
111  127   
111  504   
111  159   
111  503   
111  128   
146  151   
146  504   
146  159   
356  357   
4  16   
4  504   
4  73   
4  14   
4  12   
4  70   
4  13   
164  178   
807  1013   
196  503   
